316
318
320
321
322
323
324
325
326
327
328
329
330
331
334
335
336
337
338
339
340
343
344
347
349
350
351
352
353
354
355
356
357
358
359
401
402
403
404
405
406
408
409
410
411
412
413
414
415
416
417
418
419
420
421
422
423
424
425
426
427
428
429
430
431
432
433
434
435
436
437
438
439
440
441
442
443
444
445
446
447
448
449
501
503
504
601
602
603
604
605
606
607
608
609
610
611
612
613
614
615
616
617
618
619
620
621
622
623
625
101
102
103
104
105
106
107
108
109
111
112
113
114
115
116
117
118
119
120
122
123
124
125
126
127
128
129
130
131
132
133
134
135
136
137
138
139
141
144
145
146
147
148
149
201
202
204
205
206
207
208
210
211
212
213
214
215
216
218
219
221
222
223
225
226
227
228
229
230
231
232
233
234
235
237
238
239
240
241
242
243
244
245
246
247
249
252
253
254
255
256
257
258
259
260
301
302
303
304
305
306
307
308
309
310
311
312
313
314
315
